H_lr, loss_lambda_kmeans, gnnlayers, with_bn, F_norm, lin, step_size_gamma, lambda1, lambda2, dropout, dataset, acc_mean, acc_std, nmi_mean, nmi_std, ari_mean, ari_std, f1_mean, f1_std, mod_mean, mod_std, con_mean, con_std
0.01, 0.0, 4, True, True, True, 0.005, 60.0, 0.001, 0.0, texas, 53.66, 1.67, 16.26, 2.46, 19.63, 4.07, 33.46, 2.32, 46.87, 3.13, 17.03, 3.35
0.01, 0.0, 4, True, True, True, 0.005, 60.0, 0.003, 0.0, texas, 53.55, 2.16, 14.65, 0.95, 21.49, 3.31, 32.47, 2.03, 47.30, 1.28, 15.73, 1.17
0.01, 0.0, 4, True, True, True, 0.005, 60.0, 0.005, 0.0, texas, 53.77, 2.20, 16.00, 3.22, 20.86, 0.93, 32.24, 3.06, 46.58, 3.44, 16.32, 3.06
0.01, 0.0, 4, True, True, True, 0.005, 60.0, 0.01, 0.0, texas, 53.99, 1.52, 16.35, 2.04, 20.65, 2.63, 33.14, 1.88, 46.74, 2.97, 16.63, 3.00
0.01, 0.0, 4, True, True, True, 0.005, 100.0, 0.001, 0.0, texas, 53.66, 1.27, 16.61, 4.84, 18.75, 2.15, 31.46, 2.78, 46.67, 0.86, 14.99, 2.10
0.01, 0.0, 4, True, True, True, 0.005, 100.0, 0.003, 0.0, texas, 53.55, 1.25, 13.69, 1.92, 21.13, 0.96, 31.71, 2.32, 49.80, 2.76, 13.98, 0.69
0.01, 0.0, 4, True, True, True, 0.005, 100.0, 0.005, 0.0, texas, 53.77, 0.66, 15.09, 2.52, 19.92, 1.99, 32.35, 1.28, 48.60, 2.25, 14.92, 1.18
0.01, 0.0, 4, True, True, True, 0.005, 100.0, 0.01, 0.0, texas, 53.77, 0.74, 14.30, 1.80, 21.02, 2.27, 31.41, 1.69, 48.59, 2.83, 14.42, 1.70
0.01, 0.0, 4, True, True, True, 0.005, 140.0, 0.001, 0.0, texas, 52.68, 2.53, 11.65, 0.99, 17.13, 2.48, 31.21, 2.48, 49.92, 5.02, 12.83, 1.71
0.01, 0.0, 4, True, True, True, 0.005, 140.0, 0.003, 0.0, texas, 53.33, 1.88, 12.21, 1.55, 17.47, 2.79, 31.07, 1.40, 48.01, 3.35, 14.30, 2.70
0.01, 0.0, 4, True, True, True, 0.005, 140.0, 0.005, 0.0, texas, 53.66, 2.53, 11.54, 0.85, 18.56, 1.87, 31.29, 2.10, 48.39, 3.54, 13.12, 1.38
0.01, 0.0, 4, True, True, True, 0.005, 140.0, 0.01, 0.0, texas, 53.44, 2.14, 11.95, 1.08, 17.59, 2.35, 31.18, 2.93, 47.72, 3.98, 13.06, 1.46
0.01, 0.0, 4, True, True, True, 0.005, 180.0, 0.001, 0.0, texas, 52.46, 1.69, 11.83, 1.63, 19.03, 3.06, 30.81, 1.76, 50.29, 3.12, 12.19, 1.14
0.01, 0.0, 4, True, True, True, 0.005, 180.0, 0.003, 0.0, texas, 53.11, 1.91, 14.16, 2.96, 17.34, 3.14, 33.22, 3.04, 49.54, 5.35, 13.31, 3.26
0.01, 0.0, 4, True, True, True, 0.005, 180.0, 0.005, 0.0, texas, 52.57, 1.60, 13.02, 2.60, 17.87, 1.93, 30.30, 1.51, 48.64, 5.58, 12.36, 1.83
0.01, 0.0, 4, True, True, True, 0.005, 180.0, 0.01, 0.0, texas, 52.13, 0.89, 13.07, 2.67, 18.49, 1.47, 31.52, 1.24, 51.24, 2.14, 12.91, 2.00
0.01, 0.0, 4, True, True, True, 0.005, 220.0, 0.001, 0.0, texas, 54.10, 1.09, 13.42, 0.65, 19.70, 2.43, 32.73, 1.51, 50.72, 2.65, 12.21, 1.72
0.01, 0.0, 4, True, True, True, 0.005, 220.0, 0.003, 0.0, texas, 52.57, 1.27, 13.17, 1.93, 19.18, 1.55, 31.78, 1.26, 52.36, 0.88, 12.70, 0.98
0.01, 0.0, 4, True, True, True, 0.005, 220.0, 0.005, 0.0, texas, 53.99, 1.74, 12.28, 1.80, 20.56, 2.43, 30.72, 1.99, 48.55, 1.83, 11.50, 0.94
0.01, 0.0, 4, True, True, True, 0.005, 220.0, 0.01, 0.0, texas, 53.33, 0.66, 13.01, 1.94, 19.08, 2.32, 31.26, 1.06, 50.75, 1.60, 11.98, 0.73
0.01, 0.0, 4, True, True, True, 0.005, 260.0, 0.001, 0.0, texas, 55.63, 0.41, 13.40, 1.34, 19.83, 0.28, 32.92, 1.49, 47.99, 2.82, 10.84, 1.67
0.01, 0.0, 4, True, True, True, 0.005, 260.0, 0.003, 0.0, texas, 56.07, 1.27, 15.32, 1.17, 21.49, 2.80, 33.49, 1.47, 49.11, 1.73, 11.90, 0.70
0.01, 0.0, 4, True, True, True, 0.005, 260.0, 0.005, 0.0, texas, 55.52, 1.53, 13.59, 2.06, 20.68, 2.07, 32.28, 2.88, 46.78, 2.07, 10.25, 0.74
0.01, 0.0, 4, True, True, True, 0.005, 260.0, 0.01, 0.0, texas, 55.19, 1.69, 13.86, 2.44, 21.51, 3.48, 32.16, 0.83, 48.55, 1.50, 10.99, 0.96
0.01, 0.0, 4, True, True, True, 0.005, 300.0, 0.001, 0.0, texas, 58.25, 0.44, 16.76, 1.48, 23.16, 0.62, 33.41, 0.63, 45.44, 1.34, 11.75, 1.18
0.01, 0.0, 4, True, True, True, 0.005, 300.0, 0.003, 0.0, texas, 58.25, 1.13, 17.24, 1.52, 23.37, 1.34, 34.31, 0.71, 46.77, 1.48, 10.78, 0.65
0.01, 0.0, 4, True, True, True, 0.005, 300.0, 0.005, 0.0, texas, 58.03, 1.78, 17.80, 0.99, 24.04, 1.65, 34.03, 0.85, 45.30, 1.79, 11.87, 1.11
0.01, 0.0, 4, True, True, True, 0.005, 300.0, 0.01, 0.0, texas, 57.49, 1.11, 17.10, 2.12, 22.19, 2.03, 34.45, 0.74, 47.99, 2.05, 11.96, 0.78
0.01, 0.0, 4, True, True, True, 0.01, 60.0, 0.001, 0.0, texas, 54.43, 0.74, 13.59, 2.63, 20.90, 2.76, 32.68, 1.56, 50.06, 0.99, 13.02, 1.07
0.01, 0.0, 4, True, True, True, 0.01, 60.0, 0.003, 0.0, texas, 52.57, 1.27, 13.03, 1.45, 20.88, 1.44, 30.66, 2.67, 50.02, 1.26, 13.54, 1.01
0.01, 0.0, 4, True, True, True, 0.01, 60.0, 0.005, 0.0, texas, 53.22, 1.57, 12.11, 1.01, 20.17, 1.78, 31.21, 2.43, 49.74, 2.37, 12.62, 1.58
0.01, 0.0, 4, True, True, True, 0.01, 60.0, 0.01, 0.0, texas, 53.88, 1.78, 12.94, 1.19, 21.09, 2.21, 31.09, 2.65, 49.44, 0.94, 13.00, 0.66
0.01, 0.0, 4, True, True, True, 0.01, 100.0, 0.001, 0.0, texas, 53.11, 1.52, 11.78, 1.11, 19.29, 1.65, 31.43, 1.53, 51.07, 4.22, 12.31, 0.74
0.01, 0.0, 4, True, True, True, 0.01, 100.0, 0.003, 0.0, texas, 52.68, 1.71, 12.34, 1.95, 16.73, 2.54, 30.63, 2.04, 49.35, 5.28, 12.52, 1.48
0.01, 0.0, 4, True, True, True, 0.01, 100.0, 0.005, 0.0, texas, 53.22, 0.66, 11.62, 2.25, 19.62, 3.17, 32.03, 2.33, 50.36, 4.57, 12.10, 1.59
0.01, 0.0, 4, True, True, True, 0.01, 100.0, 0.01, 0.0, texas, 52.13, 1.13, 10.53, 2.08, 18.40, 2.96, 29.79, 1.14, 48.60, 3.59, 12.13, 2.25
0.01, 0.0, 4, True, True, True, 0.01, 140.0, 0.001, 0.0, texas, 56.61, 1.32, 14.97, 2.19, 20.04, 2.24, 33.01, 0.44, 46.28, 1.52, 11.16, 0.86
0.01, 0.0, 4, True, True, True, 0.01, 140.0, 0.003, 0.0, texas, 57.27, 1.27, 16.33, 2.87, 23.04, 1.69, 33.54, 1.66, 46.99, 2.14, 11.71, 0.86
0.01, 0.0, 4, True, True, True, 0.01, 140.0, 0.005, 0.0, texas, 57.05, 1.23, 15.48, 1.85, 21.11, 2.15, 32.98, 2.39, 45.50, 2.18, 11.05, 1.80
0.01, 0.0, 4, True, True, True, 0.01, 140.0, 0.01, 0.0, texas, 58.14, 0.74, 16.73, 3.52, 22.92, 1.01, 34.79, 1.82, 45.79, 4.37, 11.28, 1.74
0.01, 0.0, 4, True, True, True, 0.01, 180.0, 0.001, 0.0, texas, 60.55, 0.94, 20.66, 2.24, 26.70, 1.37, 35.13, 0.62, 45.16, 1.57, 12.37, 1.68
0.01, 0.0, 4, True, True, True, 0.01, 180.0, 0.003, 0.0, texas, 60.66, 0.77, 20.41, 0.69, 25.61, 1.38, 35.14, 1.81, 44.38, 1.76, 11.18, 1.20
0.01, 0.0, 4, True, True, True, 0.01, 180.0, 0.005, 0.0, texas, 59.89, 0.89, 18.78, 0.87, 25.13, 1.63, 33.43, 2.36, 43.83, 3.15, 10.56, 0.82
0.01, 0.0, 4, True, True, True, 0.01, 180.0, 0.01, 0.0, texas, 60.22, 0.64, 20.10, 0.98, 25.92, 1.19, 34.26, 1.25, 44.77, 2.74, 11.69, 1.14
0.01, 0.0, 4, True, True, True, 0.01, 220.0, 0.001, 0.0, texas, 60.87, 1.41, 22.24, 2.32, 27.32, 3.13, 36.26, 1.43, 42.87, 3.05, 14.28, 2.88
0.01, 0.0, 4, True, True, True, 0.01, 220.0, 0.003, 0.0, texas, 60.87, 1.57, 21.44, 2.06, 28.24, 3.09, 36.51, 1.39, 44.00, 4.09, 13.54, 2.43
0.01, 0.0, 4, True, True, True, 0.01, 220.0, 0.005, 0.0, texas, 60.66, 0.69, 21.01, 1.72, 26.50, 1.18, 36.48, 0.56, 42.37, 6.20, 14.54, 3.81
0.01, 0.0, 4, True, True, True, 0.01, 220.0, 0.01, 0.0, texas, 59.78, 1.45, 18.98, 2.52, 25.39, 2.65, 35.11, 0.98, 42.64, 5.90, 13.70, 3.05
0.01, 0.0, 4, True, True, True, 0.01, 260.0, 0.001, 0.0, texas, 60.87, 1.23, 17.36, 1.59, 25.47, 0.39, 33.87, 2.07, 15.96, 13.62, 31.24, 14.48
0.01, 0.0, 4, True, True, True, 0.01, 260.0, 0.003, 0.0, texas, 59.78, 0.56, 16.58, 1.06, 25.75, 0.50, 33.57, 0.77, 17.90, 14.28, 32.65, 13.05
0.01, 0.0, 4, True, True, True, 0.01, 260.0, 0.005, 0.0, texas, 59.67, 1.22, 16.87, 1.37, 26.16, 0.87, 34.04, 1.35, 14.24, 13.74, 38.20, 13.69
0.01, 0.0, 4, True, True, True, 0.01, 260.0, 0.01, 0.0, texas, 59.45, 1.11, 18.36, 0.67, 25.10, 1.11, 35.37, 2.26, 26.08, 11.01, 27.78, 11.50
0.01, 0.0, 4, True, True, True, 0.01, 300.0, 0.001, 0.0, texas, 60.22, 1.91, 17.21, 4.01, 23.72, 5.96, 31.01, 2.91, 8.83, 12.28, 35.11, 15.97
0.01, 0.0, 4, True, True, True, 0.01, 300.0, 0.003, 0.0, texas, 59.67, 2.17, 17.95, 3.45, 22.16, 6.84, 29.85, 1.80, 13.77, 15.69, 29.45, 15.95
0.01, 0.0, 4, True, True, True, 0.01, 300.0, 0.005, 0.0, texas, 60.33, 2.73, 18.27, 4.06, 23.73, 6.57, 31.84, 2.93, 14.47, 15.55, 30.36, 15.84
0.01, 0.0, 4, True, True, True, 0.01, 300.0, 0.01, 0.0, texas, 60.44, 1.85, 17.50, 4.10, 23.96, 7.25, 31.90, 3.85, 4.11, 5.33, 40.94, 15.94
0.005, 0.0, 4, True, True, True, 0.005, 60.0, 0.001, 0.0, texas, 55.19, 1.73, 14.91, 2.74, 20.48, 2.45, 33.17, 2.60, 46.27, 3.05, 15.17, 3.10
0.005, 0.0, 4, True, True, True, 0.005, 60.0, 0.003, 0.0, texas, 55.08, 1.11, 15.67, 3.27, 19.10, 1.88, 30.61, 2.19, 42.31, 3.39, 14.27, 2.14
0.005, 0.0, 4, True, True, True, 0.005, 60.0, 0.005, 0.0, texas, 54.97, 1.57, 14.03, 2.26, 20.38, 2.60, 33.00, 2.44, 45.87, 2.24, 15.17, 2.88
0.005, 0.0, 4, True, True, True, 0.005, 60.0, 0.01, 0.0, texas, 54.75, 1.64, 15.08, 3.36, 19.60, 2.32, 31.97, 3.11, 44.37, 4.09, 15.06, 3.30
0.005, 0.0, 4, True, True, True, 0.005, 100.0, 0.001, 0.0, texas, 55.08, 1.64, 14.13, 1.62, 20.87, 1.11, 31.05, 2.17, 46.23, 3.43, 12.76, 1.40
0.005, 0.0, 4, True, True, True, 0.005, 100.0, 0.003, 0.0, texas, 53.66, 1.06, 13.22, 1.46, 19.86, 2.09, 30.25, 2.38, 47.84, 1.80, 13.58, 1.39
0.005, 0.0, 4, True, True, True, 0.005, 100.0, 0.005, 0.0, texas, 55.30, 1.94, 15.49, 1.21, 21.11, 0.80, 32.58, 1.79, 47.00, 3.04, 13.75, 1.90
0.005, 0.0, 4, True, True, True, 0.005, 100.0, 0.01, 0.0, texas, 54.64, 1.99, 14.55, 1.02, 20.50, 2.18, 30.91, 2.79, 46.93, 2.59, 13.43, 1.97
0.005, 0.0, 4, True, True, True, 0.005, 140.0, 0.001, 0.0, texas, 52.46, 1.86, 11.19, 1.38, 17.12, 1.89, 29.28, 2.28, 47.12, 2.99, 12.89, 1.27
0.005, 0.0, 4, True, True, True, 0.005, 140.0, 0.003, 0.0, texas, 53.44, 2.43, 14.39, 3.53, 19.59, 1.27, 33.17, 2.37, 50.49, 2.40, 15.03, 3.98
0.005, 0.0, 4, True, True, True, 0.005, 140.0, 0.005, 0.0, texas, 53.77, 1.64, 12.36, 2.98, 18.09, 1.68, 32.42, 1.80, 47.62, 2.37, 13.55, 1.79
0.005, 0.0, 4, True, True, True, 0.005, 140.0, 0.01, 0.0, texas, 53.01, 2.37, 11.75, 1.14, 18.33, 2.07, 28.91, 2.65, 46.60, 1.95, 12.63, 1.11
0.005, 0.0, 4, True, True, True, 0.005, 180.0, 0.001, 0.0, texas, 52.90, 2.38, 12.14, 1.24, 17.12, 2.57, 30.62, 3.01, 48.72, 4.59, 12.81, 2.85
0.005, 0.0, 4, True, True, True, 0.005, 180.0, 0.003, 0.0, texas, 53.01, 2.52, 12.51, 2.60, 16.35, 1.92, 30.23, 3.47, 47.47, 3.86, 13.04, 2.21
0.005, 0.0, 4, True, True, True, 0.005, 180.0, 0.005, 0.0, texas, 52.46, 2.81, 12.29, 1.23, 17.86, 2.77, 30.28, 1.65, 49.86, 5.12, 12.55, 1.77
0.005, 0.0, 4, True, True, True, 0.005, 180.0, 0.01, 0.0, texas, 53.22, 2.58, 11.50, 0.86, 17.53, 1.51, 31.76, 1.86, 48.90, 3.92, 12.34, 1.82
0.005, 0.0, 4, True, True, True, 0.005, 220.0, 0.001, 0.0, texas, 53.55, 0.91, 12.91, 2.17, 18.12, 3.98, 29.85, 2.81, 46.93, 4.36, 11.56, 0.88
0.005, 0.0, 4, True, True, True, 0.005, 220.0, 0.003, 0.0, texas, 53.22, 1.88, 10.92, 0.99, 18.42, 1.46, 29.60, 1.92, 48.10, 2.95, 11.84, 1.79
0.005, 0.0, 4, True, True, True, 0.005, 220.0, 0.005, 0.0, texas, 53.99, 1.40, 12.73, 3.72, 18.52, 0.63, 31.67, 3.14, 47.97, 5.13, 12.37, 2.69
0.005, 0.0, 4, True, True, True, 0.005, 220.0, 0.01, 0.0, texas, 54.64, 1.34, 12.06, 2.13, 18.28, 1.03, 30.42, 2.86, 45.41, 3.80, 11.48, 2.29
0.005, 0.0, 4, True, True, True, 0.005, 260.0, 0.001, 0.0, texas, 54.54, 0.54, 14.18, 4.14, 19.51, 1.66, 32.83, 1.41, 49.02, 1.01, 12.29, 2.04
0.005, 0.0, 4, True, True, True, 0.005, 260.0, 0.003, 0.0, texas, 55.52, 1.57, 13.34, 1.47, 20.85, 2.80, 32.45, 1.86, 47.42, 1.76, 11.32, 1.73
0.005, 0.0, 4, True, True, True, 0.005, 260.0, 0.005, 0.0, texas, 55.19, 1.42, 12.09, 0.90, 18.94, 1.59, 30.56, 1.07, 45.68, 2.52, 10.55, 1.38
0.005, 0.0, 4, True, True, True, 0.005, 260.0, 0.01, 0.0, texas, 54.75, 0.94, 13.22, 3.65, 20.40, 2.10, 32.31, 2.08, 47.25, 2.32, 11.94, 2.23
0.005, 0.0, 4, True, True, True, 0.005, 300.0, 0.001, 0.0, texas, 58.36, 0.41, 17.14, 0.77, 23.58, 1.16, 33.93, 1.15, 46.19, 1.12, 11.89, 0.55
0.005, 0.0, 4, True, True, True, 0.005, 300.0, 0.003, 0.0, texas, 59.23, 0.95, 17.67, 1.82, 25.01, 0.67, 34.32, 1.38, 44.75, 4.24, 11.07, 1.35
0.005, 0.0, 4, True, True, True, 0.005, 300.0, 0.005, 0.0, texas, 57.92, 0.77, 17.49, 1.48, 22.61, 2.14, 33.46, 1.29, 46.40, 2.59, 11.84, 1.00
0.005, 0.0, 4, True, True, True, 0.005, 300.0, 0.01, 0.0, texas, 58.03, 1.06, 16.43, 2.77, 23.45, 2.02, 33.57, 1.38, 45.98, 1.48, 11.60, 1.33
0.005, 0.0, 4, True, True, True, 0.01, 60.0, 0.001, 0.0, texas, 53.88, 1.13, 12.08, 0.97, 21.21, 1.21, 29.69, 1.83, 47.71, 2.95, 13.07, 1.24
0.005, 0.0, 4, True, True, True, 0.01, 60.0, 0.003, 0.0, texas, 54.43, 1.45, 14.97, 4.27, 20.58, 1.47, 32.09, 2.49, 47.88, 3.11, 14.81, 2.99
0.005, 0.0, 4, True, True, True, 0.01, 60.0, 0.005, 0.0, texas, 53.77, 2.20, 12.49, 0.87, 19.88, 1.61, 29.62, 2.96, 47.63, 2.26, 12.71, 0.97
0.005, 0.0, 4, True, True, True, 0.01, 60.0, 0.01, 0.0, texas, 54.21, 1.81, 13.67, 5.26, 18.22, 2.17, 30.94, 2.34, 45.27, 2.95, 12.51, 1.75
0.005, 0.0, 4, True, True, True, 0.01, 100.0, 0.001, 0.0, texas, 52.79, 1.41, 10.95, 1.56, 18.26, 2.36, 30.57, 2.41, 49.32, 4.65, 12.07, 1.14
0.005, 0.0, 4, True, True, True, 0.01, 100.0, 0.003, 0.0, texas, 53.01, 1.51, 11.09, 1.34, 18.93, 1.50, 29.94, 1.04, 49.72, 2.99, 11.75, 1.37
0.005, 0.0, 4, True, True, True, 0.01, 100.0, 0.005, 0.0, texas, 52.57, 2.28, 13.44, 1.54, 19.18, 2.88, 30.52, 3.13, 49.28, 2.60, 13.09, 2.39
0.005, 0.0, 4, True, True, True, 0.01, 100.0, 0.01, 0.0, texas, 53.01, 1.42, 11.20, 2.04, 19.32, 1.79, 30.77, 1.95, 49.51, 4.59, 11.94, 2.31
0.005, 0.0, 4, True, True, True, 0.01, 140.0, 0.001, 0.0, texas, 56.17, 1.97, 13.92, 3.14, 20.74, 2.32, 31.86, 2.31, 46.32, 3.28, 10.60, 1.07
0.005, 0.0, 4, True, True, True, 0.01, 140.0, 0.003, 0.0, texas, 56.17, 0.87, 13.36, 1.78, 21.43, 0.94, 32.00, 0.77, 45.51, 2.03, 10.97, 0.94
0.005, 0.0, 4, True, True, True, 0.01, 140.0, 0.005, 0.0, texas, 55.85, 0.41, 13.90, 1.16, 20.37, 1.92, 31.97, 1.79, 47.24, 3.12, 11.16, 1.56
0.005, 0.0, 4, True, True, True, 0.01, 140.0, 0.01, 0.0, texas, 56.07, 1.32, 14.53, 1.67, 20.70, 2.09, 33.34, 1.63, 47.69, 2.13, 12.18, 1.71
0.005, 0.0, 4, True, True, True, 0.01, 180.0, 0.001, 0.0, texas, 59.67, 1.17, 18.73, 1.58, 26.67, 1.35, 34.50, 1.99, 44.74, 1.70, 11.73, 1.16
0.005, 0.0, 4, True, True, True, 0.01, 180.0, 0.003, 0.0, texas, 59.02, 0.35, 18.40, 1.26, 25.81, 1.31, 34.22, 0.64, 46.40, 0.81, 11.96, 0.77
0.005, 0.0, 4, True, True, True, 0.01, 180.0, 0.005, 0.0, texas, 59.45, 0.80, 18.26, 2.36, 25.68, 0.73, 34.39, 1.49, 45.67, 2.52, 12.06, 0.49
0.005, 0.0, 4, True, True, True, 0.01, 180.0, 0.01, 0.0, texas, 59.45, 0.80, 19.43, 1.39, 25.83, 1.30, 34.49, 0.38, 46.78, 1.06, 12.09, 0.62
0.005, 0.0, 4, True, True, True, 0.01, 220.0, 0.001, 0.0, texas, 59.02, 1.15, 17.62, 1.93, 25.68, 3.42, 34.12, 2.34, 38.32, 5.48, 17.21, 4.93
0.005, 0.0, 4, True, True, True, 0.01, 220.0, 0.003, 0.0, texas, 59.56, 0.98, 19.43, 2.87, 25.08, 1.36, 34.24, 1.64, 42.35, 6.14, 12.41, 2.31
0.005, 0.0, 4, True, True, True, 0.01, 220.0, 0.005, 0.0, texas, 59.34, 1.75, 20.97, 1.81, 26.20, 4.00, 35.34, 2.16, 41.91, 7.57, 15.55, 3.29
0.005, 0.0, 4, True, True, True, 0.01, 220.0, 0.01, 0.0, texas, 59.45, 0.87, 19.16, 0.55, 26.04, 2.55, 34.99, 0.72, 41.58, 7.94, 15.63, 4.32
0.005, 0.0, 4, True, True, True, 0.01, 260.0, 0.001, 0.0, texas, 59.45, 1.22, 17.26, 2.15, 24.91, 2.26, 34.70, 1.91, 28.98, 16.28, 25.33, 11.97
0.005, 0.0, 4, True, True, True, 0.01, 260.0, 0.003, 0.0, texas, 60.33, 1.01, 18.83, 2.10, 25.96, 2.64, 34.49, 3.66, 21.78, 19.20, 29.88, 15.15
0.005, 0.0, 4, True, True, True, 0.01, 260.0, 0.005, 0.0, texas, 60.44, 1.57, 18.91, 0.83, 25.50, 1.68, 34.76, 1.90, 26.68, 15.21, 24.44, 12.10
0.005, 0.0, 4, True, True, True, 0.01, 260.0, 0.01, 0.0, texas, 60.33, 1.01, 20.24, 2.99, 26.21, 1.72, 34.90, 1.77, 36.65, 7.20, 18.02, 4.23
0.005, 0.0, 4, True, True, True, 0.01, 300.0, 0.001, 0.0, texas, 61.97, 2.65, 17.31, 4.12, 24.70, 6.83, 33.23, 2.74, -0.09, 8.15, 41.69, 14.11
0.005, 0.0, 4, True, True, True, 0.01, 300.0, 0.003, 0.0, texas, 62.62, 2.73, 20.63, 2.16, 29.24, 3.34, 34.02, 1.84, 3.75, 16.11, 43.02, 12.52
0.005, 0.0, 4, True, True, True, 0.01, 300.0, 0.005, 0.0, texas, 62.51, 1.91, 21.32, 1.49, 30.52, 2.58, 33.96, 2.66, 3.88, 14.20, 43.94, 12.07
0.005, 0.0, 4, True, True, True, 0.01, 300.0, 0.01, 0.0, texas, 62.30, 2.04, 20.69, 2.19, 29.95, 2.93, 34.27, 1.85, 4.14, 14.56, 44.09, 11.49
0.01, 0.0, 4, True, True, True, 0.005, 60.0, 0.001, 0.0, wisc, 54.98, 0.25, 22.57, 0.31, 20.23, 0.54, 39.68, 0.28, 50.44, 0.21, 22.60, 0.21
0.01, 0.0, 4, True, True, True, 0.005, 60.0, 0.003, 0.0, wisc, 54.50, 1.70, 22.87, 0.73, 20.19, 1.20, 39.83, 0.60, 50.27, 0.99, 22.90, 0.49
0.01, 0.0, 4, True, True, True, 0.005, 60.0, 0.005, 0.0, wisc, 54.66, 1.22, 22.57, 0.50, 20.31, 1.02, 39.81, 0.31, 50.87, 1.11, 22.77, 0.38
0.01, 0.0, 4, True, True, True, 0.005, 60.0, 0.01, 0.0, wisc, 55.62, 0.54, 23.31, 0.99, 21.41, 0.93, 40.01, 0.54, 50.09, 0.22, 23.00, 0.30
0.01, 0.0, 4, True, True, True, 0.005, 100.0, 0.001, 0.0, wisc, 53.94, 0.86, 21.78, 0.69, 19.43, 0.82, 39.00, 0.34, 51.51, 0.96, 21.71, 0.96
0.01, 0.0, 4, True, True, True, 0.005, 100.0, 0.003, 0.0, wisc, 54.26, 0.77, 21.92, 0.30, 19.38, 1.06, 39.20, 0.46, 50.69, 0.25, 22.33, 0.21
0.01, 0.0, 4, True, True, True, 0.005, 100.0, 0.005, 0.0, wisc, 54.66, 0.53, 22.79, 0.43, 19.86, 1.08, 39.60, 0.74, 50.47, 0.79, 22.64, 0.35
0.01, 0.0, 4, True, True, True, 0.005, 100.0, 0.01, 0.0, wisc, 54.90, 0.96, 22.19, 0.80, 19.77, 1.22, 39.58, 0.75, 50.53, 0.40, 22.28, 0.44
0.01, 0.0, 4, True, True, True, 0.005, 140.0, 0.001, 0.0, wisc, 53.31, 1.19, 20.93, 1.44, 18.57, 0.54, 38.30, 0.60, 52.57, 1.75, 20.11, 0.99
0.01, 0.0, 4, True, True, True, 0.005, 140.0, 0.003, 0.0, wisc, 52.19, 1.61, 19.12, 3.48, 15.49, 4.83, 37.73, 1.80, 50.54, 3.09, 18.68, 4.43
0.01, 0.0, 4, True, True, True, 0.005, 140.0, 0.005, 0.0, wisc, 53.07, 1.37, 22.07, 1.21, 17.96, 1.89, 38.58, 0.97, 50.79, 1.15, 22.04, 0.44
0.01, 0.0, 4, True, True, True, 0.005, 140.0, 0.01, 0.0, wisc, 53.15, 0.69, 20.45, 0.98, 17.60, 0.77, 38.95, 0.86, 52.37, 0.56, 20.09, 1.32
0.01, 0.0, 4, True, True, True, 0.005, 180.0, 0.001, 0.0, wisc, 52.19, 0.94, 20.34, 0.80, 17.22, 0.97, 37.66, 0.99, 52.75, 0.36, 19.79, 0.31
0.01, 0.0, 4, True, True, True, 0.005, 180.0, 0.003, 0.0, wisc, 52.19, 0.56, 19.68, 1.53, 16.59, 0.57, 38.06, 0.71, 52.92, 0.44, 19.61, 0.60
0.01, 0.0, 4, True, True, True, 0.005, 180.0, 0.005, 0.0, wisc, 51.87, 1.27, 17.98, 2.48, 14.49, 4.47, 37.26, 1.56, 50.05, 5.22, 17.32, 4.51
0.01, 0.0, 4, True, True, True, 0.005, 180.0, 0.01, 0.0, wisc, 52.27, 1.22, 20.44, 1.82, 16.79, 1.28, 37.64, 0.85, 52.41, 0.74, 19.54, 0.81
0.01, 0.0, 4, True, True, True, 0.005, 220.0, 0.001, 0.0, wisc, 50.76, 0.32, 17.24, 1.71, 14.45, 0.71, 36.66, 1.13, 52.66, 0.81, 18.73, 1.57
0.01, 0.0, 4, True, True, True, 0.005, 220.0, 0.003, 0.0, wisc, 51.55, 0.60, 18.29, 0.71, 15.81, 0.63, 37.19, 0.43, 53.12, 0.57, 18.88, 0.75
0.01, 0.0, 4, True, True, True, 0.005, 220.0, 0.005, 0.0, wisc, 50.44, 1.20, 18.22, 0.62, 14.81, 0.69, 36.71, 0.23, 53.20, 0.42, 19.23, 0.81
0.01, 0.0, 4, True, True, True, 0.005, 220.0, 0.01, 0.0, wisc, 51.00, 0.36, 17.50, 2.22, 14.88, 1.64, 36.74, 0.81, 52.85, 0.73, 18.50, 1.44
0.01, 0.0, 4, True, True, True, 0.005, 260.0, 0.001, 0.0, wisc, 48.92, 0.53, 13.49, 0.92, 11.28, 1.62, 34.18, 0.70, 52.52, 0.75, 14.44, 2.81
0.01, 0.0, 4, True, True, True, 0.005, 260.0, 0.003, 0.0, wisc, 48.76, 0.82, 13.53, 0.95, 10.81, 1.91, 33.39, 1.68, 52.28, 1.71, 14.08, 2.53
0.01, 0.0, 4, True, True, True, 0.005, 260.0, 0.005, 0.0, wisc, 49.48, 1.08, 15.11, 1.50, 13.04, 1.66, 35.46, 1.37, 53.15, 0.95, 17.86, 1.33
0.01, 0.0, 4, True, True, True, 0.005, 260.0, 0.01, 0.0, wisc, 49.48, 1.27, 14.34, 1.50, 12.52, 2.17, 34.30, 1.69, 52.42, 1.17, 15.10, 2.68
0.01, 0.0, 4, True, True, True, 0.005, 300.0, 0.001, 0.0, wisc, 49.40, 0.91, 14.12, 0.51, 11.43, 1.17, 34.94, 1.14, 53.41, 2.11, 12.98, 1.40
0.01, 0.0, 4, True, True, True, 0.005, 300.0, 0.003, 0.0, wisc, 48.92, 0.77, 13.74, 0.97, 11.09, 1.61, 33.92, 1.48, 52.87, 3.65, 12.53, 2.07
0.01, 0.0, 4, True, True, True, 0.005, 300.0, 0.005, 0.0, wisc, 49.40, 0.44, 14.38, 0.71, 11.18, 0.79, 34.19, 1.63, 52.40, 2.53, 11.84, 1.30
0.01, 0.0, 4, True, True, True, 0.005, 300.0, 0.01, 0.0, wisc, 49.88, 1.14, 13.93, 1.09, 11.22, 1.77, 33.82, 1.32, 51.34, 1.72, 12.26, 2.15
0.01, 0.0, 4, True, True, True, 0.01, 60.0, 0.001, 0.0, wisc, 53.55, 1.44, 20.68, 1.61, 18.68, 1.95, 38.67, 1.45, 52.42, 1.07, 20.40, 1.49
0.01, 0.0, 4, True, True, True, 0.01, 60.0, 0.003, 0.0, wisc, 53.94, 1.27, 21.75, 1.67, 18.64, 1.74, 39.03, 0.73, 51.07, 0.90, 21.58, 1.22
0.01, 0.0, 4, True, True, True, 0.01, 60.0, 0.005, 0.0, wisc, 54.02, 1.25, 21.50, 0.86, 19.17, 1.27, 38.96, 1.06, 51.58, 0.92, 21.16, 1.12
0.01, 0.0, 4, True, True, True, 0.01, 60.0, 0.01, 0.0, wisc, 53.94, 0.89, 21.55, 0.42, 18.75, 0.81, 38.85, 0.68, 51.28, 1.06, 21.30, 0.98
0.01, 0.0, 4, True, True, True, 0.01, 100.0, 0.001, 0.0, wisc, 51.39, 1.43, 17.42, 2.80, 14.33, 4.96, 36.67, 2.20, 50.49, 6.25, 16.68, 4.72
